-1.74094 1.67526 -1.57074
-1.78179 1.49698 -1.53726
-1.7705 1.152 -1.62337
-1.90742 0.679825 -1.8683
-1.89869 0.0967303 -1.85751
-1.84091 -0.333593 -1.75882
-1.75562 -0.89381 -1.70132
-1.62031 -1.25947 -1.3809
-1.52786 -1.57227 -1.17314
-1.36839 -1.68721 -1.11625
-1.68451 1.91198 -1.29193
-1.69816 1.64545 -1.36066
-1.89756 1.28757 -1.15559
-1.82032 0.75072 -1.25181
-2.05497 0.371164 -0.799388
-1.84192 -0.38447 -0.646661
-1.61447 -0.781498 -0.90934
-1.32446 -1.33588 -0.685557
-1.03012 -1.56633 -0.863176
-1.21944 -1.84231 -0.773841
-1.23111 2.38609 -0.867473
-1.36742 2.23901 -0.37969
-1.33693 1.58216 -0.557427
-1.27407 0.961398 -0.403104
-1.14153 0.134649 -0.849116
-1.21241 -0.199684 -0.965785
-1.1145 -0.91911 -0.408661
-0.961405 -1.46992 -0.698985
-1.25317 -2.13141 -0.419616
-0.894112 -2.48041 -0.779928
-0.130024 2.36174 -0.592863
-0.0630507 2.07107 -0.870795
-0.143221 1.85308 0.0192423
0.0913657 1.04986 -0.587394
0.0167954 0.564411 0.510785
-0.0453898 -0.363311 1.04244
0.0161633 -1.01179 0.490852
-0.0311774 -1.77125 0.656084
0.0524323 -2.66145 0.515786
0.086554 -2.56839 -0.149062
0.951343 2.35959 -0.758735
0.926375 2.19959 -0.501328
1.11737 1.67925 -0.391943
0.833641 1.02871 -0.38899
0.892249 0.195202 -0.664187
1.207 -0.248987 -0.617781
1.04275 -0.933401 -0.395176
1.08682 -1.54337 -0.565181
1.08901 -1.91485 -0.537826
0.959432 -2.33417 -0.313991
1.60564 2.16655 -1.02717
1.73289 1.91204 -0.901144
1.87406 1.46629 -0.801124
1.91153 0.801114 -0.956271
2.01436 0.329822 -0.775637
1.82483 -0.368005 -0.751039
1.68747 -0.865713 -0.82089
1.27152 -1.36094 -0.821909
1.14414 -1.81193 -0.851092
1.15381 -1.97674 -1.13404
1.77913 1.87474 -1.24003
1.78742 1.69436 -1.28063
1.96612 1.32445 -1.33193
1.85693 0.787117 -1.45245
1.98978 0.186095 -1.57652
1.96438 -0.349569 -1.67581
1.78284 -0.893863 -1.83682
1.68053 -1.36352 -1.44592
1.4941 -1.56657 -1.25446
1.38056 -1.74548 -1.10222
